 Init noise sample_rate tau1_init tau2_init sigma_init acc acc1 acc2 acc3
0 1 same 16 0.6617463827133179 0.9370388388633728 0.6710208058357239 0.23198647797107697 0.2125796228647232 0.23626592755317688 0.24711385369300842
1 2 different 128 0.041584789752960205 0.053628504276275635 0.6940332055091858 0.3303808569908142 0.35380175709724426 0.3251393437385559 0.31220144033432007
2 3 same 128 0.26706504821777344 0.8325150609016418 0.4844006299972534 0.16404591500759125 0.206210196018219 0.10031846910715103 0.18560907244682312
3 4 different 16 0.45127761363983154 0.48233938217163086 0.09337323904037476 0.42572319507598877 0.40565288066864014 0.44625794887542725 0.4252587556838989
4 5 same 64 0.5337668657302856 0.26069241762161255 0.11412477493286133 0.2479100227355957 0.263833612203598 0.22462181746959686 0.2552746832370758
5 6 different 32 0.8304590582847595 0.4137803316116333 0.44149625301361084 0.21058917045593262 0.1947651207447052 0.22780652344226837 0.20919586718082428
6 7 same 16 0.9712625741958618 0.7973473072052002 0.5804783701896667 0.20488321781158447 0.20023885369300842 0.1834195852279663 0.23099124431610107
7 8 different 32 0.8237384557723999 0.35917192697525024 0.7170401215553284 0.17572319507598877 0.18899282813072205 0.19227707386016846 0.1458996832370758
8 9 same 256 0.16165214776992798 0.38882923126220703 0.8628197908401489 0.18521098792552948 0.21546576917171478 0.1542595475912094 0.18590764701366425
9 10 same 256 0.5425501465797424 0.5953755378723145 0.734296441078186 0.15482351183891296 0.1364450603723526 0.14102308452129364 0.18700239062309265
10 11 same 512 0.16711962223052979 0.052510857582092285 0.6369723677635193 0.16470938920974731 0.17008359730243683 0.18919187784194946 0.13485270738601685
11 12 same 512 0.8684874176979065 0.44899624586105347 0.6458208560943604 0.13923168182373047 0.12430334091186523 0.1834195852279663 0.10997213423252106
12 13 different 16 0.29868775606155396 0.0980062484741211 0.3779065012931824 0.3783174455165863 0.34245622158050537 0.393710196018219 0.3987858295440674
13 14 same 16 0.5497772693634033 0.2423229217529297 0.6226133108139038 0.2364317923784256 0.24940286576747894 0.17127786576747894 0.2886146605014801
14 15 same 64 0.41980963945388794 0.919198751449585 0.8261848092079163 0.1542263776063919 0.09952229261398315 0.18501193821430206 0.1781449019908905
15 16 same 512 0.34125816822052 0.7801170349121094 0.33800143003463745 0.18915869295597076 0.21058917045593262 0.18003582954406738 0.17685110867023468
16 17 same 512 0.7655670642852783 0.06336671113967896 0.3879740238189697 0.2029923051595688 0.19048567116260529 0.20780254900455475 0.21068869531154633
17 18 different 128 0.7408715486526489 0.7844924926757812 0.22664833068847656 0.1957935243844986 0.22153662145137787 0.1813296228647232 0.18451432883739471
18 19 different 16 0.05017828941345215 0.24639028310775757 0.45958560705184937 0.653297483921051 0.6519705653190613 0.6616241931915283 0.6462977528572083
19 20 same 256 0.9058488607406616 0.6481615304946899 0.9808642268180847 0.1582736223936081 0.16470938920974731 0.18461385369300842 0.12549760937690735
20 21 different 64 0.8311863541603088 0.04135000705718994 0.12093228101730347 0.18414942920207977 0.18391719460487366 0.1511743664741516 0.21735668182373047
21 22 different 64 0.35173946619033813 0.9106625914573669 0.8294349908828735 0.20700637996196747 0.186604306101799 0.22850318253040314 0.20591162145137787
22 23 different 128 0.7358004450798035 0.7848034501075745 0.5656634569168091 0.17549097537994385 0.19864650070667267 0.14958201348781586 0.1782444268465042
23 24 same 16 0.06463813781738281 0.13131624460220337 0.9375445246696472 0.6092091202735901 0.6048964858055115 0.6059912443161011 0.6167396306991577
24 25 different 128 0.9900156855583191 0.6335355043411255 0.18072515726089478 0.14974786341190338 0.16162420809268951 0.1677945852279663 0.1198248416185379
25 26 same 128 0.12249869108200073 0.6660707592964172 0.7949090003967285 0.23596735298633575 0.23984873294830322 0.22999602556228638 0.23805733025074005
26 27 same 128 0.48892414569854736 0.2510364055633545 0.8520711660385132 0.16706477105617523 0.13276274502277374 0.20153264701366425 0.16689889132976532
27 28 same 64 0.24542927742004395 0.37274354696273804 0.20006227493286133 0.25573912262916565 0.2519904375076294 0.2550756335258484 0.2601512670516968
28 29 same 16 0.19944655895233154 0.4574212431907654 0.58658367395401 0.43504512310028076 0.42436304688453674 0.43391719460487366 0.4468550980091095
29 30 different 64 0.859392523765564 0.9432624578475952 0.34266024827957153 0.17054803669452667 0.10867834091186523 0.1957603543996811 0.2072054147720337
30 31 same 64 0.8568024635314941 0.5818533897399902 0.7969050407409668 0.17031581699848175 0.10579219460487366 0.19854697585105896 0.20660828053951263
31 32 different 32 0.48728305101394653 0.9565057754516602 0.2897818684577942 0.227242574095726 0.24313296377658844 0.23785828053951263 0.20073646306991577
32 33 same 512 0.051985979080200195 0.05201905965805054 0.025760233402252197 0.3980891704559326 0.4332205355167389 0.415505588054657 0.345541387796402
33 34 different 16 0.02126133441925049 0.17960035800933838 0.5979545712471008 0.6380705833435059 0.631170392036438 0.6415206789970398 0.6415206789970398
34 35 different 256 0.821000874042511 0.007486701011657715 0.9515401721000671 0.12861597537994385 0.125 0.1021098718047142 0.15873806178569794
35 36 same 512 0.3498203158378601 0.020990073680877686 0.9006311893463135 0.14606554806232452 0.11126592010259628 0.14102308452129364 0.18590764701366425
36 37 different 512 0.5614961385726929 0.6086105704307556 0.8717925548553467 0.11786756664514542 0.109375 0.10131369531154633 0.14291401207447052
37 38 same 256 0.31638145446777344 0.020632147789001465 0.1210552453994751 0.2188495248556137 0.21735668182373047 0.23895302414894104 0.20023885369300842
38 39 same 64 0.7848056554794312 0.6100051999092102 0.4253696799278259 0.1875331848859787 0.19964171946048737 0.1708797812461853 0.19207802414894104
39 40 different 128 0.7852412462234497 0.08698087930679321 0.7667289972305298 0.09948911517858505 0.09942276775836945 0.09962181746959686 0.09942276775836945
40 41 same 256 0.4816787838935852 0.015108346939086914 0.6155802011489868 0.17333465814590454 0.16590365767478943 0.20123407244682312 0.15286624431610107
41 42 different 16 0.08243274688720703 0.47328877449035645 0.6368114352226257 0.6329286098480225 0.6331608295440674 0.6361464858055115 0.6294785141944885
42 43 same 64 0.44046586751937866 0.14796000719070435 0.7636743187904358 0.18872743844985962 0.20023885369300842 0.20083598792552948 0.16510748863220215
43 44 same 64 0.5189915299415588 0.36651551723480225 0.2566823363304138 0.1748938411474228 0.19307324290275574 0.1145501583814621 0.21705812215805054
44 45 different 256 0.3084614872932434 0.7371839880943298 0.7007113695144653 0.14500398933887482 0.09912420064210892 0.18978901207447052 0.14609873294830322
45 46 different 256 0.45499974489212036 0.8634573817253113 0.05923265218734741 0.16713111102581024 0.16222134232521057 0.15993233025074005 0.1792396456003189
46 47 same 512 0.869135856628418 0.5507502555847168 0.6358239650726318 0.17432987689971924 0.19566082954406738 0.16431130468845367 0.16301751136779785
47 48 different 32 0.257742702960968 0.7173517346382141 0.4294179081916809 0.18557590246200562 0.24880573153495789 0.17058120667934418 0.13734076917171478
48 49 same 512 0.33575934171676636 0.00037938356399536133 0.04929763078689575 0.35572585463523865 0.3814689517021179 0.37241241335868835 0.3132961690425873
49 50 same 512 0.6345691680908203 0.8667240738868713 0.18741309642791748 0.19323910772800446 0.17555733025074005 0.21506766974925995 0.18909235298633575
50 51 same 512 0.8496240377426147 0.6795953512191772 0.27027857303619385 0.1707802563905716 0.1145501583814621 0.2011345475912094 0.19665604829788208
51 52 same 16 0.48178327083587646 0.7884436845779419 0.28495579957962036 0.3133293390274048 0.31628185510635376 0.2991640269756317 0.32454219460487366
52 53 same 128 0.6577911376953125 0.09992676973342896 0.36550766229629517 0.18046708405017853 0.19924363493919373 0.17685110867023468 0.16530652344226837
53 54 same 256 0.5691185593605042 0.11563843488693237 0.9818617105484009 0.17376591265201569 0.16401274502277374 0.1824243664741516 0.17486067116260529
54 55 same 128 0.24456846714019775 0.4519345164299011 0.684471845626831 0.17870886623859406 0.16908837854862213 0.20571258664131165 0.1613256335258484
55 56 different 16 0.4247170090675354 0.9953168034553528 0.7097294926643372 0.29836785793304443 0.33081209659576416 0.29637739062309265 0.2679140269756317
56 57 different 16 0.30835598707199097 0.14802461862564087 0.6128784418106079 0.3853503167629242 0.3478304147720337 0.3980891704559326 0.4101313650608063
57 58 same 256 0.33829599618911743 0.4293164014816284 0.8403295874595642 0.1573779135942459 0.17665207386016846 0.12778662145137787 0.1676950603723526
58 59 same 16 0.6515421867370605 0.5814254879951477 0.7170311808586121 0.20992569625377655 0.18829618394374847 0.2344745248556137 0.20700636506080627
59 60 same 128 0.12181240320205688 0.18898248672485352 0.7320208549499512 0.19350449740886688 0.19765126705169678 0.19655652344226837 0.18630573153495789
60 61 different 32 0.6417250037193298 0.16470277309417725 0.4305386543273926 0.172770693898201 0.22143709659576416 0.1967555731534958 0.10011942684650421
61 62 different 32 0.9813567996025085 0.4387591481208801 0.8994281888008118 0.1802680492401123 0.1957603543996811 0.14102308452129364 0.204020693898201
62 63 same 512 0.6139019727706909 0.7808235287666321 0.9013105630874634 0.19294054806232452 0.17904061079025269 0.17645302414894104 0.22332802414894104
63 64 different 512 0.8877931237220764 0.13848942518234253 0.521807849407196 0.12679140269756317 0.11952627450227737 0.10011942684650421 0.16072849929332733
64 65 different 128 0.05595290660858154 0.31215888261795044 0.6062564253807068 0.27023622393608093 0.2730891704559326 0.2697054147720337 0.2679140269756317
65 66 different 256 0.27768945693969727 0.45008158683776855 0.9738695621490479 0.18567542731761932 0.2053144872188568 0.1854100376367569 0.16630175709724426
66 67 different 16 0.7929818034172058 0.008664131164550781 0.4324735999107361 0.20292596518993378 0.11295780539512634 0.23178741335868835 0.26403263211250305
67 68 different 128 0.8641856908798218 0.8067151308059692 0.4248732924461365 0.15369559824466705 0.1552547812461853 0.15893709659576416 0.1468949019908905
68 69 different 512 0.7747847437858582 0.9831402897834778 0.6285914182662964 0.10287287831306458 0.09912420064210892 0.10977309197187424 0.09972133487462997
69 70 same 256 0.6196390390396118 0.6496075987815857 0.9621784687042236 0.16162420809268951 0.1894904524087906 0.1354498416185379 0.15993233025074005
70 71 same 64 0.9628069400787354 0.833254873752594 0.9691649079322815 0.16852442920207977 0.18879379332065582 0.11226114630699158 0.20451831817626953
71 72 different 64 0.9143806099891663 0.7787007093429565 0.41827040910720825 0.16397956013679504 0.18391719460487366 0.19038614630699158 0.1176353469491005
72 73 same 32 0.32968753576278687 0.3008655309677124 0.8272610306739807 0.23815685510635376 0.23696258664131165 0.26313695311546326 0.21437102556228638
73 74 same 128 0.7751898169517517 0.6230149865150452 0.06866711378097534 0.2292661815881729 0.25149282813072205 0.23288217186927795 0.20342355966567993
74 75 same 64 0.6581950187683105 0.4779273271560669 0.8836788535118103 0.19144771993160248 0.17058120667934418 0.21387340128421783 0.18988853693008423
75 76 different 128 0.9484220743179321 0.3477542996406555 0.5546581149101257 0.13720805943012238 0.18730095028877258 0.1229100301861763 0.10141322016716003
76 77 same 16 0.36020880937576294 0.3509588837623596 0.18341022729873657 0.3707869052886963 0.38067278265953064 0.38276273012161255 0.3489251732826233
77 78 same 64 0.8543741106987 0.7654205560684204 0.8926622271537781 0.1853768676519394 0.2010350376367569 0.15226911008358002 0.20282644033432007
78 79 different 512 0.16055893898010254 0.08196187019348145 0.7321060299873352 0.1468285471200943 0.17784634232521057 0.10489649325609207 0.15774282813072205
79 80 different 16 0.788727343082428 0.29246199131011963 0.3269653916358948 0.21901540458202362 0.17834395170211792 0.24552150070667267 0.23318073153495789
80 81 same 64 0.9511739611625671 0.04373353719711304 0.3902580142021179 0.18809713423252106 0.17645302414894104 0.19038614630699158 0.19745223224163055
81 82 different 16 0.4060741662979126 0.3621731996536255 0.7558813691139221 0.27643975615501404 0.25457802414894104 0.25587180256843567 0.318869411945343
82 83 different 64 0.09477990865707397 0.8259479999542236 0.9027450084686279 0.28712180256843567 0.2803542912006378 0.3053343892097473 0.27567675709724426
83 84 same 128 0.4466499090194702 0.8748849630355835 0.7154092788696289 0.17018312215805054 0.18361863493919373 0.15057723224163055 0.17635349929332733
84 85 same 64 0.3628917932510376 0.2834569811820984 0.34561657905578613 0.19095011055469513 0.19834792613983154 0.17565684020519257 0.1988455355167389
85 86 same 32 0.4414575695991516 0.6942365765571594 0.005129098892211914 0.5865180492401123 0.5872810482978821 0.5784235596656799 0.5938495397567749
86 87 same 256 0.8716422915458679 0.8247407078742981 0.9515725374221802 0.14808917045593262 0.14838774502277374 0.1457006335258484 0.15017913281917572
87 88 different 256 0.5077932476997375 0.7544121146202087 0.1645931601524353 0.1708797812461853 0.2228304147720337 0.10479697585105896 0.18501193821430206
88 89 different 32 0.42677271366119385 0.7883589863777161 0.4626529812812805 0.24837446212768555 0.22253184020519257 0.2197452187538147 0.30284634232521057
89 90 same 512 0.3049658536911011 0.6360310316085815 0.5897887349128723 0.150013267993927 0.1761544644832611 0.09992038458585739 0.1739649623632431
90 91 different 512 0.009124994277954102 0.13285678625106812 0.3068505525588989 0.41182324290275574 0.443670392036438 0.36534634232521057 0.42645302414894104
91 92 different 64 0.6600799560546875 0.1273295283317566 0.32764172554016113 0.16583731770515442 0.1989450603723526 0.09932325035333633 0.19924363493919373
92 93 different 16 0.6573688387870789 0.3184870481491089 0.6662843823432922 0.22455547749996185 0.24532245099544525 0.2697054147720337 0.15863853693008423
93 94 same 32 0.2195398211479187 0.7203170657157898 0.6141654253005981 0.28685641288757324 0.2904060482978821 0.2782643437385559 0.2918988764286041
94 95 different 512 0.920722246170044 0.0916709303855896 0.5037868618965149 0.13498540222644806 0.16222134232521057 0.1407245248556137 0.1020103469491005
95 96 same 256 0.7173762321472168 0.9653736352920532 0.6938342452049255 0.14858679473400116 0.12440286576747894 0.15595144033432007 0.16540604829788208
96 97 different 32 0.07057321071624756 0.6777969002723694 0.6204237341880798 0.566016435623169 0.5712579488754272 0.5785230994224548 0.5482683181762695
97 98 different 256 0.22754693031311035 0.8054159879684448 0.7423391938209534 0.15707935392856598 0.14779061079025269 0.21068869531154633 0.11275875568389893
98 99 same 32 0.2625225782394409 0.9266528487205505 0.4331439733505249 0.2739185094833374 0.2613455355167389 0.26204219460487366 0.29836782813072205
99 100 different 16 0.13672608137130737 0.3971853256225586 0.12926530838012695 0.615744411945343 0.6123606562614441 0.6170381903648376 0.6178343892097473
100 101 same 256 0.7518821954727173 0.13736510276794434 0.09725654125213623 0.20017249882221222 0.21188296377658844 0.27955812215805054 0.10907643288373947
101 102 different 128 0.5760896801948547 0.5110560059547424 0.39608973264694214 0.18487924337387085 0.22621417045593262 0.11753582954406738 0.21088774502277374
102 103 different 512 0.9647341370582581 0.3946598172187805 0.49249714612960815 0.13929803669452667 0.16072849929332733 0.09942276775836945 0.15774282813072205
103 104 different 16 0.38165897130966187 0.9877437949180603 0.08655107021331787 0.4136146605014801 0.37768709659576416 0.450039803981781 0.41311705112457275
104 105 different 64 0.8381307721138 0.13392335176467896 0.05953270196914673 0.2105228304862976 0.20332404971122742 0.2814490497112274 0.1467953771352768
105 106 same 128 0.19640326499938965 0.8794790506362915 0.8591009974479675 0.2114848643541336 0.1957603543996811 0.21496815979480743 0.22372610867023468
106 107 different 128 0.5211786031723022 0.9568844437599182 0.21555644273757935 0.18176089227199554 0.1770501583814621 0.1980493664741516 0.17018312215805054
107 108 same 512 0.9861400127410889 0.1797628402709961 0.643220067024231 0.16935376822948456 0.17048168182373047 0.16928741335868835 0.16829219460487366
108 109 same 64 0.16343778371810913 0.05160975456237793 0.6004374623298645 0.23165471851825714 0.2645302414894104 0.2073049396276474 0.22312897443771362
109 110 same 32 0.9543994665145874 0.767525315284729 0.40657567977905273 0.1823911815881729 0.170979306101799 0.18252389132976532 0.1936703771352768
110 111 same 256 0.06522125005722046 0.8607693314552307 0.08639341592788696 0.2855294644832611 0.267416387796402 0.3000597059726715 0.28911226987838745
111 112 different 256 0.8032394051551819 0.20663917064666748 0.28867673873901367 0.17645303905010223 0.14132165908813477 0.20362260937690735 0.184414803981781
112 113 different 256 0.06727445125579834 0.09344929456710815 0.540454626083374 0.18414942920207977 0.20441879332065582 0.12211385369300842 0.22591561079025269
113 114 same 64 0.2975400686264038 0.5615831017494202 0.3730791211128235 0.1824243664741516 0.1645103543996811 0.16311703622341156 0.219645693898201
114 115 different 32 0.7931560277938843 0.4860416650772095 0.1958579421043396 0.18491242825984955 0.09942276775836945 0.24980095028877258 0.20551353693008423
115 116 different 32 0.49004918336868286 0.8587309122085571 0.20869868993759155 0.2363654375076294 0.20342355966567993 0.2646297812461853 0.24104298651218414
116 117 same 128 0.5165885090827942 0.9538891911506653 0.7988721132278442 0.1677282303571701 0.12470143288373947 0.1666998416185379 0.21178343892097473
117 118 same 32 0.7072646021842957 0.8812509179115295 0.04410296678543091 0.33820995688438416 0.2648288309574127 0.36942675709724426 0.3803741931915283
118 119 different 16 0.6939761638641357 0.42729926109313965 0.4902496337890625 0.26953956484794617 0.25348326563835144 0.2549761235713959 0.3001592457294464
119 120 different 32 0.9009760618209839 0.9678487777709961 0.33415699005126953 0.17369957268238068 0.2166600376367569 0.11096735298633575 0.19347134232521057
120 121 same 32 0.3090709447860718 0.8077393174171448 0.9900377988815308 0.2322186827659607 0.2459195852279663 0.1780453771352768 0.2726910710334778
121 122 different 256 0.2091308832168579 0.9278009533882141 0.8399096727371216 0.16407908499240875 0.16918790340423584 0.1770501583814621 0.14599920809268951
122 123 different 512 0.4933634400367737 0.6141442656517029 0.06527799367904663 0.19619160890579224 0.19128184020519257 0.16719745099544525 0.2300955355167389
123 124 different 64 0.7928386926651001 0.5816866159439087 0.6222777962684631 0.16742967069149017 0.2208399623632431 0.10927547514438629 0.17217355966567993
124 125 same 16 0.557536244392395 0.7377715706825256 0.5537229180335999 0.24323248863220215 0.26532644033432007 0.2489052563905716 0.21546576917171478
125 126 different 32 0.23182278871536255 0.4594988226890564 0.7263275384902954 0.3064623177051544 0.3206608295440674 0.2929936349391937 0.30573248863220215
126 127 different 128 0.513140082359314 0.44910258054733276 0.5642089247703552 0.12373938411474228 0.172770693898201 0.09932325035333633 0.09912420064210892
127 128 same 32 0.9878125786781311 0.26929032802581787 0.8858755826950073 0.1625862568616867 0.13495223224163055 0.18471337854862213 0.16809315979480743
128 129 different 32 0.6055997610092163 0.397708535194397 0.18442153930664062 0.2447253316640854 0.2730891704559326 0.22770701348781586 0.2333797812461853
129 130 same 128 0.8738924860954285 0.33341020345687866 0.0748974084854126 0.2237924486398697 0.2917993664741516 0.15585191547870636 0.22372610867023468
130 131 same 512 0.24052280187606812 0.19616347551345825 0.5118172764778137 0.14009422063827515 0.1697850376367569 0.10987260937690735 0.140625
131 132 different 128 0.0062329769134521484 0.05201750993728638 0.9526714086532593 0.6352840065956116 0.628284215927124 0.6354498267173767 0.6421178579330444
132 133 different 64 0.03869718313217163 0.3750187158584595 0.04790842533111572 0.6388667821884155 0.6454020738601685 0.6434116363525391 0.6277866363525391
133 134 same 32 0.715192973613739 0.1789366602897644 0.9728941321372986 0.12954485416412354 0.1020103469491005 0.18710191547870636 0.09952229261398315
134 135 different 256 0.5085439682006836 0.28375428915023804 0.45348840951919556 0.14248275756835938 0.13674363493919373 0.19078423082828522 0.09992038458585739
135 136 same 128 0.258510947227478 0.016335487365722656 0.6881016492843628 0.14085721969604492 0.14828822016716003 0.17486067116260529 0.09942276775836945
136 137 different 64 0.42048096656799316 0.20670831203460693 0.47290050983428955 0.17064756155014038 0.13783837854862213 0.17874203622341156 0.19536225497722626
137 138 different 16 0.793889582157135 0.4403371810913086 0.6023263335227966 0.23619957268238068 0.19426751136779785 0.24193869531154633 0.27239251136779785
138 139 different 16 0.4762642979621887 0.403567373752594 0.809861421585083 0.27879512310028076 0.28891322016716003 0.2895103394985199 0.25796177983283997
139 140 different 64 0.3659355044364929 0.3982148766517639 0.7338981628417969 0.15296576917171478 0.09942276775836945 0.1824243664741516 0.1770501583814621
140 141 different 128 0.39252686500549316 0.10541641712188721 0.05694371461868286 0.19652335345745087 0.10390127450227737 0.2957802414894104 0.18988853693008423
141 142 same 256 0.9077248573303223 0.98557448387146 0.03976714611053467 0.28924497961997986 0.2613455355167389 0.33797770738601685 0.26841163635253906
142 143 same 64 0.6086913347244263 0.06556224822998047 0.5907939076423645 0.17250530421733856 0.14560110867023468 0.15873806178569794 0.21317675709724426
143 144 different 512 0.3903120160102844 0.34067338705062866 0.18435877561569214 0.14440684020519257 0.21904855966567993 0.11554538458585739 0.09862659126520157
144 145 same 512 0.9047833681106567 0.8993253707885742 0.23582470417022705 0.19625796377658844 0.16948646306991577 0.20013932883739471 0.21914808452129364
145 146 same 256 0.5950870513916016 0.7239479422569275 0.8572377562522888 0.16736333072185516 0.1613256335258484 0.15784235298633575 0.18292197585105896
146 147 different 16 0.9954081177711487 0.5776084065437317 0.6788129210472107 0.20660828053951263 0.2375597059726715 0.184414803981781 0.1978503167629242
147 148 different 512 0.003180563449859619 0.35951220989227295 0.5424064993858337 0.6038680672645569 0.5821058750152588 0.6161425113677979 0.6133558750152588
148 149 same 32 0.9730657935142517 0.05712890625 0.19413799047470093 0.23493893444538116 0.2802547812461853 0.22571656107902527 0.1988455355167389
149 150 same 128 0.24485057592391968 0.2109476923942566 0.7808603048324585 0.15757696330547333 0.09992038458585739 0.184414803981781 0.188395693898201
150 151 same 128 0.376939058303833 0.4443941116333008 0.04256486892700195 0.3033771216869354 0.2730891704559326 0.28702229261398315 0.3500199019908905
151 152 same 32 0.7034991383552551 0.9516278505325317 0.7636555433273315 0.18059979379177094 0.16590365767478943 0.1915804147720337 0.1843152940273285
152 153 different 128 0.43943363428115845 0.8999767303466797 0.5592626929283142 0.14238323271274567 0.09952229261398315 0.14520302414894104 0.1824243664741516
153 154 same 64 0.05691802501678467 0.34675276279449463 0.5770846009254456 0.39828822016716003 0.4323248267173767 0.35370221734046936 0.40883758664131165
154 155 different 64 0.223771333694458 0.9295008778572083 0.9887439012527466 0.19294054806232452 0.22173567116260529 0.13833598792552948 0.21875
155 156 different 256 0.2432117462158203 0.9337995648384094 0.6143442392349243 0.1208864077925682 0.1011146530508995 0.13166798651218414 0.12987659871578217
156 157 same 64 0.16832685470581055 0.842383086681366 0.18168675899505615 0.2980360984802246 0.35340365767478943 0.27229300141334534 0.26841163635253906
157 158 same 16 0.2561511993408203 0.5864899158477783 0.7711562514305115 0.3552282750606537 0.3549960255622864 0.3531050980091095 0.357583612203598
158 159 same 128 0.8951535224914551 0.7695443630218506 0.11140447854995728 0.20485006272792816 0.1980493664741516 0.2209394872188568 0.19556130468845367
159 160 different 16 0.6371319890022278 0.5721331238746643 0.5581341981887817 0.2552083432674408 0.22173567116260529 0.27866241335868835 0.26522690057754517
160 161 different 64 0.521589457988739 0.8917280435562134 0.147044837474823 0.20246152579784393 0.2437300980091095 0.15017913281917572 0.2134753167629242
161 162 same 256 0.7639933824539185 0.7340381145477295 0.30881136655807495 0.17031581699848175 0.16381369531154633 0.17346735298633575 0.17366640269756317
162 163 different 128 0.7460460662841797 0.3008107542991638 0.5957810282707214 0.13140259683132172 0.1031050980091095 0.12539808452129364 0.1657046228647232
163 164 different 64 0.5049811601638794 0.7870233654975891 0.23113971948623657 0.22239916026592255 0.2239251583814621 0.21626193821430206 0.2270103543996811
164 165 different 16 0.18690019845962524 0.12429434061050415 0.4581689238548279 0.4957869052886963 0.5051751732826233 0.47452229261398315 0.5076631903648376
165 166 same 512 0.653262734413147 0.8141437768936157 0.7335509657859802 0.1738986223936081 0.16391322016716003 0.15027865767478943 0.20750397443771362
166 167 same 256 0.19388318061828613 0.6662893295288086 0.4129076600074768 0.16699840128421783 0.1980493664741516 0.0990246832370758 0.20392118394374847
167 168 same 32 0.013934493064880371 0.8906545042991638 0.057476580142974854 0.6953954100608826 0.6958598494529724 0.6997412443161011 0.690585196018219
168 169 different 64 0.12883710861206055 0.8315215706825256 0.20773988962173462 0.3051353394985199 0.27746814489364624 0.3060310482978821 0.33190685510635376
169 170 different 512 0.4181906580924988 0.029427707195281982 0.023144006729125977 0.3010549545288086 0.22939889132976532 0.34852707386016846 0.3252388536930084
170 171 different 256 0.2440395951271057 0.7263950705528259 0.958177924156189 0.11687234789133072 0.13037420809268951 0.09942276775836945 0.1208200603723526
171 172 same 32 0.3511010408401489 0.16791582107543945 0.14533531665802002 0.2925291955471039 0.303244411945343 0.25169187784194946 0.3226512670516968
172 173 different 32 0.8760320544242859 0.7148138284683228 0.22249597311019897 0.1969877928495407 0.206210196018219 0.21646098792552948 0.16829219460487366
173 174 different 256 0.9871558547019958 0.3896055221557617 0.5642196536064148 0.11309049278497696 0.11285828053951263 0.12171576172113419 0.10469745099544525
174 175 same 64 0.583805501461029 0.6847477555274963 0.8684041500091553 0.1666003167629242 0.13982881605625153 0.15326432883739471 0.20670780539512634
175 176 same 64 0.9025103449821472 0.5488967895507812 0.4074586033821106 0.18982219696044922 0.2186504751443863 0.1594347059726715 0.19138136506080627
176 177 same 128 0.5087220668792725 0.5395487546920776 0.4259372353553772 0.16729696094989777 0.14868630468845367 0.16640126705169678 0.18680334091186523
177 178 same 64 0.9958251714706421 0.9682467579841614 0.8947087526321411 0.1480228304862976 0.0989251583814621 0.1355493664741516 0.20959395170211792
178 179 different 32 0.3808460235595703 0.5148131251335144 0.23991674184799194 0.243829607963562 0.284335196018219 0.20053741335868835 0.24661624431610107
179 180 same 64 0.9498924612998962 0.5938587188720703 0.2465720772743225 0.18298833072185516 0.12201432883739471 0.2249203771352768 0.2020302563905716
180 181 different 256 0.9135967493057251 0.6079081892967224 0.3810054063796997 0.15263402462005615 0.16112659871578217 0.19436703622341156 0.10240843892097473
181 182 different 128 0.8319598436355591 0.3378169536590576 0.839552104473114 0.103138267993927 0.1010151281952858 0.10758359730243683 0.10081608593463898
182 183 same 16 0.22862571477890015 0.07959085702896118 0.32508736848831177 0.4249601662158966 0.4356090724468231 0.4447651207447052 0.3945063650608063
183 184 different 512 0.4330824017524719 0.725469708442688 0.5615761876106262 0.1728038787841797 0.19078423082828522 0.13365843892097473 0.19396895170211792
184 185 same 256 0.009590089321136475 0.9568571448326111 0.935470700263977 0.4689158499240875 0.46825239062309265 0.46208199858665466 0.47641322016716003
185 186 different 512 0.8311360478401184 0.45034295320510864 0.792911946773529 0.138435497879982 0.10141322016716003 0.16371417045593262 0.15017913281917572
186 187 same 64 0.9203133583068848 0.15042877197265625 0.8653278946876526 0.18361862003803253 0.16082802414894104 0.17207404971122742 0.21795381605625153
187 188 same 64 0.9016458988189697 0.3926442861557007 0.9343876242637634 0.14394240081310272 0.10260748118162155 0.1498805731534958 0.17933917045593262
188 189 same 32 0.018912315368652344 0.661268949508667 0.06632357835769653 0.6925756335258484 0.7009354829788208 0.6856091022491455 0.6911823153495789
189 190 different 128 0.6799318790435791 0.03555387258529663 0.7825466394424438 0.106223464012146 0.09932325035333633 0.09932325035333633 0.12002388387918472
190 191 different 128 0.5363014936447144 0.04382878541946411 0.9334089756011963 0.13873405754566193 0.1386345475912094 0.14928343892097473 0.12828423082828522
191 192 same 256 0.017396211624145508 0.5286701917648315 0.6142935752868652 0.373772531747818 0.3760947585105896 0.38475319743156433 0.3604697585105896
192 193 different 32 0.49063587188720703 0.5475775003433228 0.8440008759498596 0.17452891170978546 0.17306926846504211 0.15654855966567993 0.19396895170211792
193 194 same 32 0.6830301284790039 0.4654189348220825 0.047163307666778564 0.324973464012146 0.28931131958961487 0.3705214858055115 0.31508758664131165
194 195 different 32 0.470409631729126 0.580808699131012 0.7444403767585754 0.19705414772033691 0.2271098792552948 0.17525875568389893 0.18879379332065582
195 196 different 32 0.10948479175567627 0.5971789956092834 0.8477796912193298 0.4542860984802246 0.4481488764286041 0.4561106562614441 0.4585987329483032
196 197 different 128 0.1410735845565796 0.18682831525802612 0.11738282442092896 0.2842356562614441 0.28294187784194946 0.2658240497112274 0.3039410710334778
197 198 same 256 0.6685156226158142 0.0065261125564575195 0.5615132451057434 0.1677282303571701 0.1791401207447052 0.13823646306991577 0.18580812215805054
198 199 same 32 0.2930470108985901 0.43960535526275635 0.015698492527008057 0.5445528626441956 0.5195063948631287 0.5522491931915283 0.5619028806686401
199 200 different 64 0.7146676778793335 0.36990588903427124 0.44751548767089844 0.16636808216571808 0.14848725497722626 0.16799363493919373 0.18262340128421783
200 201 same 128 0.551817774772644 0.5788880586624146 0.45158088207244873 0.15780918300151825 0.14440684020519257 0.1666998416185379 0.16232086718082428
201 202 different 16 0.5228732228279114 0.9347667694091797 0.839713990688324 0.2710987329483032 0.27318868041038513 0.26622211933135986 0.2738853394985199
202 203 same 512 0.6491597890853882 0.460222065448761 0.7177310585975647 0.1281183660030365 0.09932325035333633 0.15565286576747894 0.12937897443771362
203 204 same 128 0.9652634859085083 0.08063679933547974 0.727027952671051 0.129047229886055 0.09932325035333633 0.10559315234422684 0.1822253167629242
204 205 different 128 0.44056808948516846 0.43644267320632935 0.5168781280517578 0.14453954994678497 0.16650079190731049 0.15077626705169678 0.11634156107902527
205 206 different 32 0.14423388242721558 0.08515757322311401 0.6061167120933533 0.36813294887542725 0.3887340724468231 0.3132961690425873 0.4023686349391937
206 207 same 32 0.9205018281936646 0.8494589328765869 0.7106369137763977 0.16796045005321503 0.10270700603723526 0.21855095028877258 0.18262340128421783
207 208 same 16 0.27357280254364014 0.534535825252533 0.25774842500686646 0.4093020260334015 0.4168988764286041 0.3658439517021179 0.44516322016716003
208 209 same 512 0.4234727621078491 0.06064581871032715 0.15912610292434692 0.2029923051595688 0.20581209659576416 0.2479100376367569 0.1552547812461853
209 210 different 64 0.7675305604934692 0.8000814318656921 0.8307234048843384 0.1218816339969635 0.16530652344226837 0.09982085973024368 0.10051751881837845
210 211 different 32 0.4844467043876648 0.4045841693878174 0.9672435522079468 0.2094280868768692 0.22531847655773163 0.23099124431610107 0.1719745248556137
211 212 different 64 0.5785841941833496 0.34205126762390137 0.3364983797073364 0.19665604829788208 0.1552547812461853 0.2209394872188568 0.21377389132976532
212 213 different 32 0.25237125158309937 0.9900097846984863 0.23690944910049438 0.31007829308509827 0.334494411945343 0.2302945852279663 0.3654458522796631
213 214 same 32 0.015401840209960938 0.033100008964538574 0.41034847497940063 0.6433784365653992 0.6483877301216125 0.6471934914588928 0.6345541477203369
214 215 same 512 0.9124264121055603 0.584819495677948 0.45012015104293823 0.18086518347263336 0.18302150070667267 0.15366241335868835 0.20591162145137787
215 216 different 64 0.9182134866714478 0.7787079811096191 0.36492305994033813 0.1416202187538147 0.11962579935789108 0.10041799396276474 0.20481687784194946
216 217 different 32 0.21048837900161743 0.5349943041801453 0.39016640186309814 0.3008890450000763 0.34753185510635376 0.27239251136779785 0.28274282813072205
217 218 same 16 0.7032690048217773 0.6439960598945618 0.11638516187667847 0.27126458287239075 0.29757165908813477 0.21914808452129364 0.2970740497112274
218 219 same 32 0.8250373005867004 0.94203782081604 0.532901406288147 0.20040471851825714 0.21009156107902527 0.23566879332065582 0.15545381605625153
219 220 different 64 0.14787131547927856 0.4852673411369324 0.25705087184906006 0.2855294644832611 0.2842356562614441 0.2824442684650421 0.28990843892097473
220 221 same 32 0.2655670642852783 0.8173799514770508 0.008085846900939941 0.5533108115196228 0.5687699317932129 0.5769307613372803 0.5142316818237305
221 222 different 16 0.792503297328949 0.5172614455223083 0.7475445866584778 0.2238919883966446 0.1988455355167389 0.2448248416185379 0.2280055731534958
222 223 same 16 0.6183886528015137 0.7070466876029968 0.3170807361602783 0.25653529167175293 0.24313296377658844 0.2583598792552948 0.26811304688453674
223 224 same 64 0.5850526094436646 0.07711076736450195 0.3499830365180969 0.1925424486398697 0.21626193821430206 0.20043790340423584 0.16092754900455475
224 225 different 128 0.22189414501190186 0.04043978452682495 0.13480210304260254 0.24757827818393707 0.2251194268465042 0.2758758068084717 0.2417396456003189
225 226 different 16 0.6397525072097778 0.2350172996520996 0.8237804174423218 0.18998806178569794 0.09952229261398315 0.20461782813072205 0.2658240497112274
226 227 same 128 0.8630090951919556 0.8570356369018555 0.5031459331512451 0.1928078532218933 0.18570859730243683 0.19735270738601685 0.19536225497722626
227 228 same 256 0.5439257621765137 0.7306585907936096 0.9659718871116638 0.12168258428573608 0.09932325035333633 0.12161624431610107 0.14410828053951263
228 229 same 512 0.19459480047225952 0.9912034273147583 0.6785001158714294 0.1761212795972824 0.19655652344226837 0.15485668182373047 0.1769506335258484
229 230 same 32 0.39037251472473145 0.06666404008865356 0.18452352285385132 0.24439357221126556 0.2063097059726715 0.23815684020519257 0.2887141704559326
230 231 different 16 0.8529635667800903 0.7373837232589722 0.7975345253944397 0.20067012310028076 0.2701035141944885 0.1332603543996811 0.19864650070667267
231 232 same 64 0.14585256576538086 0.12339293956756592 0.38723593950271606 0.2489384412765503 0.2644307315349579 0.2709991931915283 0.2113853543996811
232 233 same 512 0.95552659034729 0.2628738284111023 0.9398693442344666 0.16119293868541718 0.1488853543996811 0.17237260937690735 0.16232086718082428
233 234 same 512 0.10686033964157104 0.7179257273674011 0.3079562187194824 0.16723062098026276 0.18879379332065582 0.10509554296731949 0.20780254900455475
234 235 different 16 0.12296313047409058 0.8922106623649597 0.6475411057472229 0.5867171287536621 0.5869824886322021 0.5796178579330444 0.593550980091095
235 236 same 64 0.8070655465126038 0.6005883812904358 0.5785409212112427 0.14434050023555756 0.19317276775836945 0.12768709659576416 0.11216162145137787
236 237 same 512 0.14817392826080322 0.03750431537628174 0.0665026307106018 0.23497211933135986 0.13196656107902527 0.3012539744377136 0.2716958522796631
237 238 same 16 0.1781211495399475 0.1803075671195984 0.2555704712867737 0.49114251136779785 0.48507165908813477 0.49134156107902527 0.4970143437385559
238 239 same 16 0.7718243598937988 0.4376986026763916 0.9565460681915283 0.21194930374622345 0.1885947436094284 0.21168391406536102 0.23556926846504211
239 240 different 256 0.8359102010726929 0.8574405312538147 0.9072465896606445 0.14354431629180908 0.1572452187538147 0.15744426846504211 0.11594346910715103
240 241 same 64 0.9643478393554688 0.5172848105430603 0.40832847356796265 0.1792064756155014 0.14092355966567993 0.1782444268465042 0.21845144033432007
241 242 same 128 0.7346532940864563 0.8434239029884338 0.39203888177871704 0.162486732006073 0.1957603543996811 0.10698646306991577 0.18471337854862213
242 243 different 256 0.7408064603805542 0.19660991430282593 0.5675238966941833 0.19191215932369232 0.19406847655773163 0.19506369531154633 0.186604306101799
243 244 same 128 0.353873610496521 0.7591942548751831 0.6882346272468567 0.17983679473400116 0.13455413281917572 0.19347134232521057 0.2114848792552948
244 245 different 256 0.9554729461669922 0.23688697814941406 0.84816575050354 0.12682457268238068 0.16371417045593262 0.109375 0.10738455504179001
245 246 same 64 0.3726958632469177 0.04478168487548828 0.44888246059417725 0.20153264701366425 0.16520701348781586 0.21685907244682312 0.22253184020519257
246 247 different 128 0.9028475880622864 0.9370808601379395 0.7480577230453491 0.14009422063827515 0.09912420064210892 0.13206608593463898 0.18909235298633575
247 248 different 16 0.2751094102859497 0.4312816858291626 0.3710039258003235 0.42771363258361816 0.41212180256843567 0.4304339289665222 0.440585196018219
248 249 same 16 0.1829492449760437 0.2302873730659485 0.44331997632980347 0.464370995759964 0.4637738764286041 0.45461782813072205 0.47472134232521057
249 250 same 16 0.1885695457458496 0.3278692364692688 0.4317930340766907 0.4365711212158203 0.44217753410339355 0.4018710255622864 0.465664803981781
250 251 different 16 0.7820720076560974 0.40943533182144165 0.10133910179138184 0.3207603394985199 0.36823248863220215 0.30264729261398315 0.2914012670516968
251 252 different 64 0.9525474905967712 0.7614538669586182 0.03049182891845703 0.342522531747818 0.3476313650608063 0.3551950752735138 0.3247412443161011
252 253 same 256 0.40760886669158936 0.6529472470283508 0.37874114513397217 0.20906317234039307 0.1823248416185379 0.20700636506080627 0.23785828053951263
253 254 same 512 0.8615057468414307 0.6962903141975403 0.7331719398498535 0.1260947436094284 0.15017913281917572 0.10987260937690735 0.11823248118162155
254 255 same 512 0.9634971618652344 0.4859037399291992 0.42374980449676514 0.1582736223936081 0.21496815979480743 0.14092355966567993 0.11892914026975632
255 256 different 128 0.3638841509819031 0.751158595085144 0.39089393615722656 0.18889331817626953 0.18371815979480743 0.1542595475912094 0.22870223224163055
256 257 same 256 0.40313029289245605 0.28296709060668945 0.11460602283477783 0.16368098556995392 0.12728901207447052 0.19964171946048737 0.16411225497722626
257 258 different 64 0.6014623045921326 0.15905296802520752 0.04385173320770264 0.3039742708206177 0.2801552414894104 0.24940286576747894 0.3823646605014801
258 259 different 512 0.9188175201416016 0.9054407477378845 0.7191540598869324 0.15346337854862213 0.11335588991641998 0.17555733025074005 0.17147691547870636
259 260 different 64 0.8204271197319031 0.4440441131591797 0.07275956869125366 0.1990445852279663 0.1552547812461853 0.25965365767478943 0.1822253167629242
260 261 same 256 0.2659023404121399 0.2323436737060547 0.1947142481803894 0.19002123177051544 0.1198248416185379 0.2093949019908905 0.24084395170211792
261 262 different 512 0.8451693654060364 0.5853796005249023 0.1393488049507141 0.20703954994678497 0.22223328053951263 0.1865047812461853 0.2123805731534958
262 263 different 64 0.26126909255981445 0.9362049698829651 0.24387073516845703 0.24741239845752716 0.2645302414894104 0.2603503167629242 0.21735668182373047
263 264 same 256 0.6095180511474609 0.7591065168380737 0.9235913753509521 0.16487526893615723 0.20342355966567993 0.1290804147720337 0.16212181746959686
264 265 same 512 0.1871512532234192 0.14374512434005737 0.9771456122398376 0.1676619052886963 0.1542595475912094 0.19466561079025269 0.1540605127811432
265 266 same 256 0.2292008399963379 0.5701382160186768 0.9915874600410461 0.17841029167175293 0.1719745248556137 0.1947651207447052 0.16849124431610107
266 267 different 64 0.6270225048065186 0.8482053875923157 0.54706209897995 0.15883757174015045 0.19944266974925995 0.1000199019908905 0.1770501583814621
267 268 different 64 0.6851527690887451 0.44659149646759033 0.8653020262718201 0.16470938920974731 0.15664808452129364 0.15127389132976532 0.18620620667934418
268 269 different 16 0.03426772356033325 0.5406294465065002 0.006826639175415039 0.6723394393920898 0.6700835824012756 0.6697850227355957 0.6771496534347534
269 270 different 16 0.6844378709793091 0.8251636624336243 0.8383610844612122 0.22999601066112518 0.2616440951824188 0.23308120667934418 0.19526274502277374
270 271 different 256 0.9386276006698608 0.8171342015266418 0.6137064099311829 0.12015658617019653 0.10977309197187424 0.1510748416185379 0.09962181746959686
271 272 same 16 0.3394072651863098 0.4800414443016052 0.5451842546463013 0.3060642182826996 0.3153861463069916 0.31847134232521057 0.284335196018219
272 273 same 16 0.9904783964157104 0.9035230278968811 0.777915358543396 0.19197849929332733 0.20242834091186523 0.18769904971122742 0.18580812215805054
273 274 different 64 0.9583843350410461 0.8003909587860107 0.15966522693634033 0.193736732006073 0.19655652344226837 0.186604306101799 0.1980493664741516
274 275 same 256 0.7652884125709534 0.1961767077445984 0.2661339044570923 0.20262737572193146 0.1980493664741516 0.19516322016716003 0.2146695852279663
275 276 same 64 0.4779362082481384 0.1471589207649231 0.4179745316505432 0.18418258428573608 0.19138136506080627 0.17167595028877258 0.1894904524087906
276 277 same 128 0.15256696939468384 0.27064186334609985 0.8654835820198059 0.2104232907295227 0.20471735298633575 0.20551353693008423 0.22103901207447052
277 278 same 128 0.2912878394126892 0.4727146029472351 0.21965020895004272 0.21500132977962494 0.2238256335258484 0.21596337854862213 0.2052149623632431
278 279 different 128 0.7393920421600342 0.0821695327758789 0.32152247428894043 0.15326432883739471 0.17963774502277374 0.1811305731534958 0.0990246832370758
279 280 different 512 0.47335439920425415 0.914080798625946 0.966338038444519 0.1541268676519394 0.17545780539512634 0.1551552563905716 0.13176751136779785
280 281 different 128 0.371306836605072 0.6702190041542053 0.80487060546875 0.16082800924777985 0.09972133487462997 0.18262340128421783 0.20013932883739471
281 282 same 512 0.3759980797767639 0.9106239676475525 0.1109001636505127 0.22853635251522064 0.25129377841949463 0.2342754751443863 0.200039803981781
282 283 same 16 0.4438632130622864 0.6207520365715027 0.6218113899230957 0.2791931927204132 0.25597134232521057 0.29737260937690735 0.2842356562614441
283 284 different 128 0.841235876083374 0.6897432804107666 0.9256489276885986 0.15260085463523865 0.1916799396276474 0.1667993664741516 0.09932325035333633
284 285 same 512 0.8421406149864197 0.8636484146118164 0.6774107813835144 0.13979564607143402 0.15644904971122742 0.16172373294830322 0.10121417045593262
285 286 same 32 0.5312252640724182 0.014393329620361328 0.817956805229187 0.15432590246200562 0.09872611612081528 0.16610270738601685 0.19814889132976532
286 287 same 512 0.06550979614257812 0.9698167443275452 0.20659160614013672 0.231223464012146 0.25895699858665466 0.2230294644832611 0.21168391406536102
287 288 same 32 0.3619272708892822 0.9980428218841553 0.2626851201057434 0.2594878077507019 0.26214173436164856 0.2591560482978821 0.2571656107902527
288 289 same 32 0.3348192572593689 0.6609516143798828 0.46385252475738525 0.24751193821430206 0.2604498267173767 0.2606488764286041 0.22143709659576416
289 290 different 16 0.1190958023071289 0.7108068466186523 0.6625638008117676 0.5942476391792297 0.5809116363525391 0.6055931448936462 0.5962380766868591
290 291 same 16 0.9406521916389465 0.7262067198753357 0.5396423935890198 0.209428071975708 0.17117834091186523 0.24313296377658844 0.21397292613983154
291 292 same 64 0.1057424545288086 0.29805243015289307 0.3286392092704773 0.301817923784256 0.31409236788749695 0.3039410710334778 0.287420392036438
292 293 same 512 0.8147433996200562 0.3255245089530945 0.48931795358657837 0.13767249882221222 0.11056926846504211 0.15625 0.14619824290275574
293 294 different 64 0.03708523511886597 0.6434839963912964 0.005143404006958008 0.6767848134040833 0.6757563948631287 0.6704816818237305 0.6841162443161011
294 295 different 128 0.6722524762153625 0.7757279872894287 0.3957735300064087 0.15853901207447052 0.20262739062309265 0.172770693898201 0.10021895170211792
295 296 same 128 0.00895678997039795 0.05980038642883301 0.6825498342514038 0.611896276473999 0.6035031676292419 0.6107683181762695 0.621417224407196
296 297 different 256 0.6917153000831604 0.45155417919158936 0.8124316334724426 0.13866771757602692 0.14709395170211792 0.13176751136779785 0.13714171946048737
297 298 different 128 0.07917845249176025 0.4965653419494629 0.5455701351165771 0.2447584867477417 0.28503185510635376 0.18172770738601685 0.2675159275531769
298 299 same 512 0.7230842709541321 0.38560259342193604 0.3438054919242859 0.15767647325992584 0.1000199019908905 0.19775079190731049 0.17525875568389893
299 300 same 128 0.011814534664154053 0.294166624546051 0.43084394931793213 0.603403627872467 0.6103702187538147 0.5984275341033936 0.6014131903648376
